
Handles  NPM(K)    PM(K)      WS(K)     CPU(s)     Id  SI P
                                                          r
                                                          o
                                                          c
                                                          e
                                                          s
                                                          s
                                                          N
                                                          a
                                                          m
                                                          e
-------  ------    -----      -----     ------     --  -- -
    255      15    13556      18464              5008   0 A
    150       8     3456       8432             10620   0 A
    275      22    78832      20480     290.83  10700   2 a
    203      21   544692     208468      18.91   2924   2 A
    333      28    85408      76092       0.77   5176   2 A
    291      11    10668      38788       0.05   6760   2 A
    297      16    12152      94588       0.28   6780   2 A
    453      55   175348     139928      31.08   8696   2 A
    190      20    92660     126792       2.08  10416   2 A
    347      29   100384      85288       3.89  10688   2 A
    354      20    14448      56768       6.27  12508   2 A
    777      61   520724     484104     791.27  14236   2 A
    186      18    37500      94068       0.47  15116   2 A
    195      19    48164     111432       0.73  15980   2 A
    500      74   259880     208084     172.28  16356   2 A
    187      19    31740      96540       0.38  17360   2 A
    511      22    54076     114632       2.97  18064   2 A
    191      19    68864      93720       1.17  18596   2 A
    186      19    85824     106988       1.72  22372   2 A
    355      34    93580     113820       5.61  23456   2 A
   1623     117   159564     169104      69.92  23708   2 A
    852      53   369312     157612     237.34  24544   2 A
    830      51    82832      83396      30.25  13400   2 A
    449      25    32740      26648       0.13  12664   2 A
    221      14     2268       1044             12656   0 A
    144       9     1364       6752              5000   0 a
    208      13     8144      13248       7.27  21944   0 a
    371      16     3124      11868              5384   0 A
    530      38    49884       2188       0.13   2988   2 C
    577      32   149976     181780      13.69    964   2 c
    501      26    53780      38680       0.28   1504   2 c
    314      22    31068      60680       0.48   1776   2 c
    214      21    22404      21308       0.58   4172   2 c
    436      31    29432      54796      18.84   4196   2 c
    261      24    30364      56812       0.11   4904   2 c
    274      25    37728      50052       3.00  12724   2 c
   2497      88   211100     271304     111.27  15240   2 c
    671      44   192004      99704     107.61  15456   2 c
    222      19    16040      30036       0.05  17504   2 c
    365      29   137064     176876      15.34  17600   2 c
    312      23    32156      54352       0.39  18768   2 c
    253      16    13264      19220       0.16  19692   2 c
    271      25    42424      64588       8.17  21192   2 c
    410      34   125308     141492       5.80  21204   2 c
    275      12     7020       8716       0.11  21220   2 c
    304      21    29164      70052       0.17  21612   2 c
    244      15    10264      19244       0.52  21820   2 c
    280      35   176876      68548       7.27  23532   2 c
     89       6     2596       4280       0.02  22952   2 c
    146       7     1896       8412       0.05  24484   2 C
    111       9     1460       6280       0.02   2772   2 c
    113       9     1840       6908       2.77   3740   2 c
    111       8     6376       1164       0.03   6952   2 c
    142      10     6572       6148              7640   0 c
    111       7     6372       6132       0.00   8380   2 c
    112       8     1560       6728       3.23  10372   2 c
    113       9     1464       6328       0.05  19528   2 c
    109       9     1344       6292       0.00  19620   2 c
    109       9     1396       6272       0.00  20488   2 c
    130      10     6740       7652       0.03  22140   2 c
     89       7     1204       4980             21684   0 c
    979      35     3268       5876               948   0 c
   1039      42     3896       6588             24448   2 c
    528      18     7004      28404       4.89  22468   2 c
    375      17     4304       8948              2072   0 d
    298      21    47188      30684       0.20  11112   2 D
    482      31    76800      50608       0.52   9248   2 D
    224      18     4444      10616              6976   0 d
    245      16     3656      12292       0.06  20452   2 d
    263      19     3728       8600              2928   0 D
   1632      81   125044      71744              3940   2 d
    168      13     4072      10656       0.52  18308   2 E
    604      34    21880      32560              5148   0 E
    149       8     1428       5468              4992   0 e
   3463     129   321792     215000      39.48  20860   2 e
    530      34    77276      57244       0.61   2444   2 F
    181      12     2184       8236              5156   0 F
     50       7     1944       3716              1176   0 f
     50      13     6568       8996             11488   2 f
    168      10     1628       7612              5508   0 F
    365      22    20084      26176              3236   0 G
    124       7     1248       4880              4856   0 G
    648      43    98880      62676             17100   0 G
      0       0       60          8                 0   0 I
    615      26     8104      20576       0.42  20832   2 I
    143       7     1276       4652              1616   0 I
    141       8     1320       5328              5348   0 j
    540     256  2766744    2596952     346.66  24036   2 l
    663      25    11976      24516       1.63  23400   2 L
    231      14     3216      10756       0.13  22348   2 L
      0      32    15184       1812             10128   0 L
    217      17    18744      16212       0.11  22552   2 L
    832      36    56444      62788       0.95  24248   2 L
    139       8     1324       5220              5112   0 L
   1942      28    10544      22872              1028   0 l
      0       0     2496     964096              3148   0 M
    109       8     1216       5528              4968   0 M
    150      11     1884       7948       0.02  16216   2 M
    406      21    21268      31268             24424   0 M
    511      18    12804      18068              5528   0 M
    158      10     2428       8068       0.00    508   2 m
   1400      59    58700     152876       2.34   5468   2 m
    209      17    23672      32728       0.03   6824   2 m
    500      29    59004      58724       0.36  12540   2 m
    258      21    32352      55128       0.13  17300   2 m
    343      22    14948      39304       0.36  20720   2 m
    179      13     8888      18640       0.08  23428   2 m
    156      11     2624       6480       0.03      8   2 m
    426      54   491256     436588     215.02   1772   2 m
    530      29    52628      45816       0.44   1820   2 m
    192      13    10284      10824       0.28   4164   2 m
    150      10     2400       9604       0.02  10004   2 m
    193      13     9968      18912       0.09  11132   2 m
    305      22    28176      46808       0.31  12800   2 m
    351      25    20580      14112       1.48  13244   2 m
    193      13    10028      19936       0.17  13300   2 m
   1206      55    45276     102408       9.02  15044   2 m
   1204      57    42136      89856       2.41  15096   2 m
   1324      54    88228     109724     231.03  15436   2 m
    267      16     9068      22828       0.22  15484   2 m
    346      20    15024      31096       6.22  17936   2 m
    735      43   189284      80780       3.88  18184   2 m
    357      20    13864      34040       0.77  19432   2 m
    157      10     2472       9888       0.03  19520   2 m
    227      16     9308      19352       0.05  21620   2 m
    467      28   124364      70320       2.75  22068   2 m
    357      21    12348      34324       0.33  24156   2 m
   1078     254   547924     338276              5420   0 M
    232      13     3180        952       0.09  12972   2 M
    219      13     7920      13072             12044   0 N
    375      29   216992      38972       3.47  12628   2 n
    708      40    13188      28624              5228   0 n
    651      52    59612      49624      17.72  16412   2 n
    363      20     9792      26548       3.33  17436   2 n
    462      23    23160      28468              2556   0 N
    613      30    34784      35192             20872   2 N
    579      27    59852      35644       3.50   9544   2 N
    352      33    58624      59756       5.45  16272   2 N
    763      37    20048      51472      38.88  21688   2 N
    639      77    31236      13108       2.70  19628   2 N
    240      13     3088      12076      12.36  19324   2 n
    735      25    36928      35052              5708   0 O
    562      23    33292      25984              5204   0 O
    493      27    38920       5420       0.47   4116   2 O
    109       8     1392       5432              5124   0 p
    504      13     3160      18784              7220   0 p
    452      10     2632       8312              8828   0 p
    455      10     3000       7948              9380   0 p
    454      10     3012       7440              9388   0 p
    471      10     2996       9488              9396   0 p
    456      10     3060      10940              9416   0 p
    453      10     3064       9812              9432   0 p
    456      10     3552       8676             10676   0 p
    456      10     3516       8744             10712   0 p
    454      10     3008      12972             10744   0 p
    558      28    59420      64708       0.53   1224   2 p
    819      28    69416      75600       2.22   2440   2 p
    653      59   101344      86436       5.53   3820   2 p
    468      27    72908      69404       0.53   6492   2 p
    749      27    72704      78364       0.56  20840   2 p
    509      27    65872      68056       0.31  21984   2 p
    481      27    65572      67208       0.38  24368   2 p
    315      20    45944      27588       0.19  12452   2 P
    458      26    18732      32228      64.59  22580   2 P
      0      22    14392      72052               148   0 R
    552      36    73288     154596              6856   2 r
    371      18     7764      13992              4972   0 r
    583      48   366172     311028   1,086.64   8684   0 r
   5819      25    12192      10344       6.73  17092   2 R
    230      16     3144      10968       0.08   1756   2 R
    338      21     3912       8728              5412   0 R
    274      20     2448       9360       0.03  13540   2 R
    122       7     1396       6316       0.02   5516   2 R
    373      18     6432      25832       1.20  11664   2 R
    373      21     8148      27104       3.31  13580   2 R
    430      23     9288      31632       0.50  13964   2 R
    126       8     1492       7132       0.02  15348   2 R
    164      10     2316       9760       0.05  15596   2 R
    400      24     8232      35924       0.59  17280   2 R
    859      39    17744      57276       2.50  17900   2 R
   4587      45    45748      81228      15.50  16776   2 s
    588      25    12328      19348       3.97  15708   2 S
   1932     146   277992     131332      20.77  10088   2 S
    889      41    55184      68244       1.19  14032   2 S
    153       8     1488       7608             10344   0 S
    882      77    43236      54720              9272   0 S
    340      13     2948      11344             18732   0 S
    452      17     6736      15444             18668   0 S
    166       9     1944       9172       0.06  19092   2 S
    663      40    24920      32492              5104   0 s
    933      16     8516      14464               944   0 s
   3270      47    96856      70336      13.19  19044   2 S
    653      19     8020      28732       6.27  16468   2 s
     53       4     1108       1108               592   0 s
    590      28    11496      19804              4440   0 s
    158      11     1976       6328              5300   0 s
    203      12     2132       6948              5392   0 s
    826      41    72656      99092       2.52  21288   2 S
    157       9     1836      10600               304   0 s
   1786      30    14096      30108              1148   0 s
   1603      22    15000      19824              1244   0 s
    422      14     3560       9936              1292   0 s
    583      24    13560      11780              1468   0 s
    477      22    16732      25440              1524   0 s
    241      13     2660       8560              1576   0 s
    203      20     2644       5588              1628   0 s
    215      13     2560       8436              1676   0 s
    507      16    19856      17084              1748   0 s
    448      10     2256      11204              1872   0 s
    179      35     8084       6836              1980   0 s
    254      11     2904       6916              2020   0 s
    151       8     1524       5552              2040   0 s
    398      16     5064      10212              2132   0 s
    428      20     7792      15264              2192   0 s
    182       8     1656       5356              2264   0 s
    257      14     3472      11784              2288   0 s
    779      15     4508       9808              2348   0 s
    327      11     3324      10824              2412   0 s
    180      10     1816       6444              2564   0 s
    316      11     3140       7136              2620   0 s
    229      12     2388       8808              2764   0 s
    130       8     1556       5976              2800   0 s
    183       9     2072       6588              2832   0 s
    190      11     2264       7312              2840   0 s
    180      11     2060       6328              2900   0 s
    216      15     2296       7004              2980   0 s
    243      13     3272      13212              3028   0 s
    357       8     1448       5180              3036   0 s
    199      13     2260       7820              3044   0 s
    248      18     2424       6180              3348   0 s
    494      14     4136      13820              3608   0 s
    198      12    22088      27948              3692   0 s
    333      16     4176       8036              3712   0 s
    389      15     2880       8152              3720   0 s
    233      15     2848      10268              3728   0 s
    439      36    33876      15656              3876   0 s
    331      20     5328      15344              3884   0 s
    221      12     2888       8048              4092   0 s
    371      21     3100       8604              4152   0 s
    415      23     5328      10604              4184   0 s
    266      17     3452      12232              4268   0 s
    632      33    30336      38588              4652   0 s
    436      28     5180      13732              4684   0 s
    379      26    46916      54948              4712   0 s
    267      14     2900       6328              4816   0 s
    144       9     1604       5400              4828   0 s
    192       8     1516       4868              4848   0 s
    407      20     5080      19508              4864   0 s
    220      15     2880       6380              4948   0 s
    137       9     1724       5092              5320   0 s
    525      26     7892      24960       8.41   5372   2 s
    213      12     2364       7852              5452   0 s
    141       9     1624       5712              5460   0 s
    322      13     3780       8312              5672   0 s
    271      16     3096       7496              6420   0 s
    214      12     2492       7980              6484   0 s
    133       8     1580       5576              6532   0 s
    410      27     3800      10320              6612   0 s
    216      15    11064       7520              6828   0 s
    161      11     2028       6664              7600   0 s
    183      12     2380       8632              9080   0 s
    267      15     3944      13496              9928   0 s
    225      11     2180       7012             10052   0 s
    134       9     1832       8116             10124   0 s
    236      15     4868      12656             10216   0 s
    120       8     2076       5308             10524   0 s
    602      38    13008      22280             10796   0 s
    250      14     3524      11476             10900   0 s
    235      14     3348       9504             12176   0 s
    180      10     1932       7700             12608   0 s
    369      13     5396      16584             12716   0 s
    203      12     2308       9240             12736   0 s
    210      11     2224       7528             12916   0 s
    342      20     4764      15560             13084   0 s
    638      27    12816      44596      11.09  13188   2 s
    371      17    11352      31448       3.64  13592   2 s
    332      14     6012      10048             14080   0 s
    313      19     5496      16452             14108   0 s
    777      23     7488      20388             16004   0 s
    301      16     3852      22600       0.75  18652   2 s
    229      13     3024      12476             18724   0 s
    380      18     8012      18080             19820   0 s
    208      12     2608       7156             20236   0 s
    147      10     1904       8044             20576   0 s
    195      15     6732       8776             22104   0 s
    123       8     1468       5492             23768   0 s
   6072       0      200       3100                 4   0 S
    949      46    63056       2888       0.66   2156   2 S
    671      44    36844      17540      14.06   7212   2 t
    324      17     4124      16336       0.39  11972   2 T
    321      37    10184      20104       1.39  21616   2 t
    403     207    17488      26792              5952   0 T
    644      27    47592      49840       0.97  23340   2 T
    161      10     1772       6412              5096   0 U
    454      15    10456      14080             22488   0 U
    466      27    12980      24616       8.13   5548   2 u
    453      25    19164      16728              4320   0 U
    155      11     2348       9868       0.13  21756   2 U
    613      37    54304       2308       0.27  23732   2 V
    146       9     1968       8628             10908   0 v
    552      24    40540      27496              2228   0 v
    136      11     2172       5992              5132   0 v
     95       8     7776       5044              3948   0 v
    216      15     3848       9944              5048   0 v
    222      14     3120       8760              5188   0 v
    650      22    66256      28116              6368   0 w
   1991     191   182268     269888      26.45  20232   2 W
    420      22     9308      26168       1.89  17616   2 W
    170      12     1752       5848               856   0 w
    284      13     2892       9992             19124   2 w
    171      11     4784      11796              6872   0 W
    268      14     2920      12336              5484   0 W
    121       9     1784       6720       0.02  10164   2 W
    438      20     5444      16344              5284   0 w
    243      23     7400       9180              5332   0 z


